2000
680641299 187
940045721 146
662308075 146
388136916 187
628906022 146
532446773 146
682972725 187
560062797 279
421062246 314
171136479 411
27135865 497
573408936 551
720940100 609
980686334 619
136657548 638
347227364 667
273223022 682
261421822 686
805969331 773
172497465 774
527925040 776
615209413 808
469007839 842
368724766 859
18865873 883
988279653 973
636184979 981
443347525 1073
5880820 1141
525957051 1171
712549669 1260
686522118 1314
466002771 1335
374857744 1339
74659034 1425
94908792 1438
907304516 1462
757631758 1492
507487940 1500
180883113 1590
928768236 1650
387140156 1677
754292048 1723
502224688 1743
367826490 1779
890949595 1874
701968403 1923
493565863 1973
4887768 1975
507937733 2044
666063327 2126
532812807 2160
123147145 2195
135071165 2244
901537573 2294
994529370 2352
975867170 2393
390238903 2481
290393246 2564
981747989 2606
916195953 2627
2942915 2701
668270106 2797
234715075 2869
230317010 2881
595445491 2899
182140219 2983
137621525 3049
205593601 3096
689628158 3121
171020989 3179
134361836 3189
76768314 3240
925313036 3278
489102875 3338
297111155 3358
668778982 3393
43587629 3404
790677017 3408
526183101 3444
551525362 3458
309256695 3543
58995908 3546
527188858 3594
444327860 3661
813049832 3713
374234579 3721
272711381 3763
55805086 3806
664627825 3830
254459369 3913
972001039 4007
520087091 4039
775245826 4054
206716113 4122
750404100 4165
370691317 4198
388856331 4283
740541976 4294
576284917 4307
931000841 4320
911562964 4323
563163104 4376
860285506 4470
689392351 4510
904782331 4526
9913012 4543
210687684 4617
948369959 4674
800590028 4694
736870784 4738
352411672 4742
109846722 4780
648383043 4826
879600530 4877
406690933 4884
313949226 4916
106351460 5005
679402313 5084
369754312 5158
623495636 5174
786378033 5270
341755350 5274
143582726 5321
561623859 5334
400987814 5405
893986825 5428
784831527 5504
789844145 5562
487045152 5626
213632795 5649
573361337 5653
398608115 5719
776795898 5794
433646842 5795
88000465 5803
534094580 5827
443559853 5844
151204500 5860
482464539 5875
96666232 5942
888075284 6001
834876210 6019
59029305 6026
536458326 6064
566993091 6133
318236590 6177
850407552 6246
525860903 6337
997638902 6363
72678215 6439
149356538 6448
636533287 6472
414433564 6551
145455616 6637
50673497 6704
815421377 6756
39442440 6767
835505023 6844
457781873 6857
379003944 6932
49137817 6934
31143209 6981
777612058 7055
678450066 7065
317306402 7112
718128875 7194
212544646 7259
613382606 7353
869333374 7450
547525536 7529
710048837 7592
609925009 7681
234918097 7711
621594494 7714
146383335 7743
801911188 7775
939831083 7853
849307238 7854
180288442 7880
789986336 7917
921985452 7927
329644979 7992
426519622 8083
188935367 8172
475100594 8226
477193118 8286
856873095 8329
367059386 8393
165214492 8463
167171320 8549
746063329 8621
214352308 8626
50830880 8662
376191738 8711
892802374 8726
368137282 8742
946836964 8806
957863371 8819
981519887 8832
668686690 8926
505388906 8951
544085076 8960
278611698 9045
740307002 9099
18195921 9142
277511384 9189
394734541 9209
958027003 9232
979334973 9310
575022982 9355
748013338 9414
753836776 9502
757184313 9514
27049312 9597
942772142 9676
84801258 9772
356758781 9848
652161589 9903
451860643 9997
521973273 10046
819332908 10121
50440323 10189
736325580 10242
870163787 10255
279148413 10305
481644305 10306
90817420 10365
225985376 10412
292024027 10425
72337307 10430
894672065 10473
797412932 10541
468938734 10555
25800115 10616
390236286 10641
487134654 10728
155827850 10739
637487178 10783
297678008 10795
135162823 10817
65026512 10839
45691345 10843
888999598 10886
822210824 10950
925257008 11036
684288092 11091
907012081 11154
282015789 11218
188966032 11231
211389076 11290
803989061 11336
8298939 11423
261829398 11483
392830992 11516
878462725 11549
540977810 11593
726991649 11626
969280145 11717
619479538 11807
19015675 11884
894133803 11980
366667954 12016
668944959 12063
215588888 12106
392468068 12136
59181244 12141
555239893 12173
548295918 12244
549184773 12323
852917900 12397
535975092 12490
614211284 12493
751125596 12504
277491041 12573
436422107 12574
676382604 12604
961779132 12631
195950540 12694
810914744 12787
3261515 12826
407339615 12881
467420156 12954
11560453 13013
669169012 13061
860251147 13069
742539530 13094
62663174 13185
439759147 13256
564336026 13305
682142711 13389
458774822 13439
310986180 13517
48810664 13570
127719780 13601
526575067 13624
293795084 13706
39417375 13741
81814959 13826
694607353 13882
441118499 13899
787249210 13960
230582444 14042
55329783 14092
538374805 14097
508073484 14150
344268241 14200
67273760 14234
322368968 14313
540218780 14359
878188503 14420
325630482 14471
947558394 14474
198125010 14510
189707287 14553
469243758 14604
58376157 14647
932246816 14714
531906931 14789
350651655 14805
496582841 14855
66565993 14947
809426476 15044
807569020 15074
967893008 15121
789662607 15151
186660438 15235
114204443 15298
681596333 15362
120991748 15433
808811795 15454
122714832 15468
908240957 15534
39394238 15570
30560966 15634
299132113 15704
399984074 15792
374829206 15839
218922225 15846
574869393 15916
915047986 16009
97110727 16076
900499874 16130
715122731 16225
147752089 16261
90207160 16358
184366488 16437
58644597 16449
874970327 16546
568789770 16603
409296251 16661
224069519 16710
635355762 16761
71239079 16818
31638538 16831
455765122 16863
860901685 16883
70815327 16979
569969564 17073
395014370 17091
44323426 17094
378781359 17142
370245553 17173
952564382 17241
270691948 17324
253322870 17352
104212847 17424
523192373 17431
628152075 17506
323135071 17518
98061765 17528
395716412 17598
272762149 17610
851077991 17674
110839143 17675
420514237 17722
793801502 17816
147721982 17896
479158833 17985
668771829 18078
716511752 18148
888455084 18197
892841347 18273
204383865 18327
959694162 18367
776996237 18455
660148986 18474
673112198 18533
700327915 18619
82634902 18634
920642919 18710
744651341 18732
461416260 18825
143404823 18866
549732074 18890
584624559 18902
396727692 18970
653944920 19065
107816932 19115
24879767 19191
829596342 19231
58395048 19290
273112530 19338
102358491 19389
909473038 19445
236468024 19494
375389079 19525
703274540 19577
236706358 19639
707064264 19692
224562720 19771
953218109 19805
448035699 19809
969920418 19866
10118325 19887
260246212 19930
599433006 20008
522783663 20048
933358409 20084
299760921 20181
605418564 20266
706517680 20280
44412261 20301
66834823 20316
849922502 20401
446660686 20445
503975733 20502
246650194 20558
100605606 20599
611792664 20608
124046312 20642
782718299 20656
670187712 20724
249675193 20740
737593141 20835
432177101 20892
486143217 20987
112982220 21046
135451640 21089
722849574 21148
672562835 21162
212530711 21186
528584034 21212
120598533 21230
34967481 21244
391218710 21290
380844744 21381
634400486 21472
914002372 21491
166719504 21520
934161406 21610
519420935 21617
873237183 21691
831090018 21735
438772109 21756
575676037 21817
130267056 21905
942747842 21916
822326230 21966
83389013 22028
407056857 22048
798888893 22132
866107311 22208
929760920 22229
48564085 22231
603700452 22304
361938021 22381
387223653 22477
569199023 22512
349906012 22534
110073226 22622
94278209 22670
414953075 22746
491173611 22762
214876741 22858
449920555 22947
882392321 23039
448237836 23129
84321040 23145
648911044 23190
614957339 23242
870998798 23281
20848331 23332
340710874 23360
554605167 23443
459620439 23448
916386910 23471
684872222 23544
254884632 23559
591229491 23631
768261234 23668
514457841 23733
242634735 23791
634368545 23837
444218760 23922
291198819 24012
90585348 24034
658673132 24099
678422472 24121
512300722 24208
8579144 24228
641012049 24271
606578930 24339
276048570 24435
984702012 24524
821455670 24591
725969124 24678
719610684 24762
122209857 24852
810290163 24889
368521727 24920
737167195 24995
533805312 25070
389370057 25085
930394420 25091
88410479 25182
701506848 25232
699297681 25260
773282700 25326
956391479 25421
143043523 25423
394060286 25460
323365671 25523
385678257 25614
28428830 25696
767584431 25746
676877076 25763
971530529 25800
278773914 25848
207815899 25887
483831250 25913
139869409 25981
701344299 25996
90410179 26090
415917978 26156
686046310 26163
764382200 26257
141887101 26343
258173345 26433
886592056 26519
804693616 26544
626695072 26598
476275602 26692
338498927 26726
868581480 26728
259186374 26730
279425757 26757
570088327 26839
958484054 26899
52708457 26926
378996158 27005
101527577 27098
299285094 27161
702361828 27205
487205833 27225
180230275 27303
322462610 27331
16599260 27367
151760803 27385
601236524 27460
76931510 27468
488108404 27511
741105932 27587
778275809 27610
431034934 27680
9540262 27755
316838470 27784
47933485 27850
151427362 27914
575011815 27966
934525540 28051
956120977 28139
54223238 28178
263317493 28260
147136256 28315
922804717 28355
522503866 28372
426562012 28454
345409396 28478
333504272 28489
331786820 28500
724405553 28536
435031848 28542
631071913 28549
279283732 28563
774754032 28619
811302187 28703
454262694 28744
791353292 28835
815579341 28839
55499217 28888
868284801 28921
303687744 28999
649121500 29058
499076961 29113
734722677 29163
658661761 29199
815915431 29216
782656161 29235
662605475 29237
390927245 29239
569698052 29245
471242803 29269
445150482 29309
685531897 29396
618379058 29474
220471550 29487
60552114 29525
897457422 29587
565880945 29654
394056385 29702
81760593 29708
142802849 29713
829088232 29766
712832506 29778
422086581 29796
456358616 29807
376651044 29837
876349274 29926
100228259 29961
44746737 29994
784364842 30066
968513059 30133
348434480 30146
286002693 30179
320106372 30234
935673509 30297
797180806 30299
136021802 30304
570846021 30319
459786280 30323
379465398 30329
140544073 30349
931029082 30407
824615879 30452
678592321 30493
401924492 30531
45087428 30619
739144434 30697
151898265 30731
463484725 30788
133200819 30847
233658857 30917
606287573 31010
814805402 31055
946491362 31137
28374153 31150
271164017 31236
175658758 31250
757239778 31286
371392275 31309
220405494 31386
394120971 31427
192421686 31451
421356325 31475
532640016 31548
512528057 31560
357029833 31580
329820821 31654
501066210 31671
927875854 31705
642123452 31716
880531607 31738
920936278 31822
425668885 31890
557663837 31891
452044950 31918
827593376 31958
455267616 32046
191189383 32084
979491640 32157
918752340 32236
176906553 32332
65666849 32408
525039913 32482
991711955 32525
12158210 32585
405930417 32605
115392323 32636
40333319 32643
15686547 32698
486784598 32783
113255164 32801
262323869 32896
531722635 32938
534611489 32979
794963884 32983
44250691 33036
891641321 33096
124784704 33108
397833252 33177
672033526 33204
619424507 33226
278364858 33317
445486155 33330
45093392 33354
836028694 33379
897531104 33450
725203119 33513
143812661 33528
941236839 33570
557211111 33639
62565001 33732
118143391 33773
622877959 33820
440121265 33823
109855345 33840
487552520 33881
846051681 33904
77764020 33983
527885839 34061
714254579 34138
564548617 34235
641141002 34330
976578448 34339
96271251 34380
28268842 34449
771542331 34492
993038293 34585
919910163 34647
748843387 34701
243387896 34797
444460040 34885
220784245 34895
521752753 34918
742462547 34922
265877636 34955
210297798 35002
492510002 35076
991080755 35171
354110458 35232
433746840 35250
400808217 35347
269191810 35435
404406583 35524
23686175 35570
709313074 35660
366778279 35700
511238694 35720
407881107 35766
444542298 35818
891640884 35819
122135685 35845
9090914 35896
385298238 35925
98714132 35990
957878516 36015
413567079 36016
722772815 36057
803433160 36108
185993593 36170
324132553 36265
46821055 36314
630453633 36367
544916797 36374
421090159 36445
225432531 36532
663310785 36602
483904308 36622
717942532 36685
506907891 36686
838014766 36701
4205724 36715
907716107 36812
107206575 36848
408612306 36885
931402281 36961
669036001 37020
775390584 37096
295157326 37126
76917107 37134
219932882 37195
39314562 37225
51569143 37289
81540147 37334
424612799 37392
2799627 37423
891935015 37492
838179877 37581
725572441 37652
547884526 37674
24173470 37728
902221345 37730
447221933 37735
507143454 37775
299654493 37814
868312091 37889
732575984 37918
962965277 37929
204732751 37958
450518515 37983
469873167 37994
42747516 38068
454724238 38137
230105625 38178
2470442 38190
863336543 38198
14024257 38218
524022794 38288
491243479 38305
309181583 38354
600939900 38365
711176360 38442
348496144 38454
652509043 38528
645232858 38552
773108942 38555
655308669 38593
537167872 38685
463805170 38777
233397461 38820
85052398 38868
487978639 38947
135618805 38991
384790682 39074
995122092 39126
287789649 39209
105619124 39269
580214427 39283
250754926 39310
310351874 39332
30732942 39370
573144444 39439
205615741 39534
337973531 39543
803250069 39555
60602535 39595
53826426 39643
817274325 39705
584625328 39749
545069904 39813
126455907 39857
38081580 39911
108762615 39955
327468402 40010
690590622 40041
753995472 40108
953093695 40197
198415642 40265
143679696 40358
416898865 40375
284329454 40388
81248445 40462
757393855 40491
272464610 40579
466039126 40638
605032299 40718
560254258 40725
571658249 40777
185246725 40870
811009183 40903
882010123 40911
68496018 40975
236669979 40979
87625863 40984
258985901 40990
39920047 41037
744749 41082
312812326 41135
857194371 41146
585370077 41234
710398581 41254
836166630 41309
623451656 41384
819161195 41478
16151383 41521
166558629 41529
425673018 41623
969245078 41688
364974270 41698
421869065 41721
238660294 41802
649303723 41824
503117509 41854
996054148 41866
921768332 41909
821672986 41997
453602798 42022
334538941 42071
245847587 42145
638849523 42196
145548124 42212
127857709 42293
559861892 42310
234734454 42360
67999923 42379
818847792 42433
274654500 42529
68744672 42623
131660117 42663
984365222 42704
506631100 42788
694575049 42878
673048203 42907
130082755 43000
366252595 43086
689199586 43091
296641383 43094
791925613 43111
510961015 43181
514132004 43193
66311029 43232
602137660 43285
15952078 43350
569428538 43353
450708159 43449
937720409 43459
243617875 43549
904310957 43603
124775701 43693
489465461 43790
395676831 43798
122840176 43806
469839521 43886
955538722 43941
357574629 44029
390355796 44031
774386514 44042
632229128 44129
311616819 44158
758562982 44209
469110702 44270
818247918 44317
305654383 44391
142158904 44480
948330672 44522
671906977 44585
683874841 44678
97488406 44722
316348941 44735
47352207 44831
611620409 44918
382659970 44969
649489866 45052
627572486 45106
952088507 45190
100198025 45205
417809246 45299
48222733 45376
4508981 45444
542584946 45530
537688194 45540
252702163 45615
665425122 45642
7527714 45666
208240884 45730
22999750 45748
397883509 45804
835143749 45878
507745230 45916
709500327 46000
446223083 46058
976855931 46059
380264596 46092
751877465 46158
971531186 46181
181111619 46255
423784441 46286
655406027 46335
278600024 46356
740133382 46399
702758233 46447
742736784 46488
122793351 46515
204764451 46579
222825621 46673
927398209 46687
304962475 46765
640634866 46855
975620941 46879
161987807 46927
35736164 46940
365825486 47004
414689969 47061
553677637 47100
373353200 47187
475447204 47210
429193738 47297
623753060 47342
310590953 47372
936938967 47399
185769739 47431
756814035 47453
766311249 47511
566034334 47575
361207851 47662
590358787 47676
747145953 47748
784992291 47768
98281165 47862
25745976 47954
377642024 48047
801039397 48122
620999112 48157
352951726 48210
5803847 48251
843824732 48313
132866286 48410
163282673 48431
336975950 48516
961003579 48570
177786831 48638
372712113 48735
326829064 48756
592476799 48814
926389749 48884
552698615 48894
67924003 48974
208099838 49033
176451675 49119
231031307 49132
145038805 49152
362221413 49172
840361693 49206
763866405 49217
928255746 49234
201569543 49257
206741543 49313
527918050 49401
839078185 49474
305022707 49526
406180378 49542
69236561 49544
106062104 49573
27179489 49654
422188286 49708
964382302 49777
871004220 49853
407570924 49938
980181327 49961
60496521 50025
368574502 50097
157968157 50121
433208633 50215
547919917 50307
602961308 50389
212114733 50455
100618532 50491
523401662 50555
420214571 50614
129586558 50638
754432968 50714
417769727 50726
491807970 50800
447311012 50843
34152483 50896
272580067 50920
648880554 50985
240894026 50996
800498117 51042
340475090 51082
545916732 51175
59194846 51236
409711650 51277
504495187 51301
86374334 51377
831899936 51406
321393841 51432
809894905 51486
91987211 51533
154091519 51581
870391426 51601
460561712 51622
312059675 51628
156116410 51645
8481628 51661
915020982 51748
368231143 51764
961616511 51846
290938995 51930
640962065 51938
91203068 51977
45371962 52071
58731791 52090
435527389 52136
345199325 52175
945400625 52247
708107456 52316
994079878 52323
38811002 52339
361121924 52387
187071320 52464
584727734 52476
420316769 52519
596782969 52540
941739272 52606
359207454 52627
281199256 52707
115649464 52799
169102358 52807
373186466 52836
269740982 52909
39493783 52937
833748177 52986
581800657 53064
48126545 53139
694746157 53234
349337990 53235
416357687 53259
508879019 53338
640276985 53423
57319751 53455
600082087 53475
538165298 53556
968567893 53637
35609475 53702
883364623 53724
766484869 53779
596233282 53847
729960852 53906
805295871 53911
809871557 53929
917032171 53968
242539956 53984
82704677 54044
366331492 54134
184279227 54215
441912130 54229
647530747 54235
299928691 54244
611014488 54266
20717213 54300
569669672 54382
503024622 54462
706981741 54478
3986680 54571
551151166 54659
254244249 54673
205841022 54767
820025204 54781
763123268 54873
846118006 54888
729861306 54964
215721706 55010
236799655 55039
550945550 55099
103847532 55143
972680629 55224
317430419 55272
700080814 55286
555157833 55329
122726289 55381
362468722 55444
324706355 55459
217782596 55526
445173399 55551
691037846 55589
402061822 55671
887085528 55710
338568593 55753
554506864 55843
350616367 55934
211802157 55944
124176536 56018
853640989 56091
918783897 56147
980679567 56217
257308506 56280
173028146 56349
186520588 56446
77333710 56522
936151413 56617
885154945 56631
659711367 56686
4389470 56760
121954600 56833
210656917 56881
108237001 56901
947151580 56957
380603687 57052
808317814 57117
502309412 57149
355846327 57199
23302888 57229
827015767 57275
573628922 57325
468476286 57410
370569964 57427
975690743 57461
355561813 57518
709138556 57608
382713959 57635
706178180 57685
920940712 57687
359406846 57721
412335520 57746
692240961 57804
340086412 57841
522160377 57862
865269106 57922
379123352 57958
452010438 58055
653936870 58112
264278296 58192
111721805 58277
658326339 58310
238749247 58365
174895073 58431
766563339 58515
38417179 58529
555498759 58592
427397505 58643
540726590 58688
911345085 58703
450700392 58717
220258708 58742
484974006 58807
919176677 58808
590828672 58849
313181100 58850
127254841 58939
152483579 58973
695895058 59031
685949372 59072
925940643 59138
55301903 59230
98284891 59327
618181603 59384
247904667 59415
472961620 59435
335967060 59455
627028018 59456
924972057 59506
842420281 59516
743822665 59596
36693861 59664
353262971 59738
982571912 59807
64105285 59843
119826309 59903
20989090 59919
619604043 59921
399740165 59965
414232031 60056
530949127 60103
702956908 60160
487007091 60209
868439484 60254
474649936 60342
77835762 60432
34136936 60509
601904777 60588
82835692 60645
730031993 60682
140370500 60736
8776334 60792
637850248 60854
91171743 60907
479474288 60923
738271266 60950
564133362 60956
667957699 61022
217815635 61049
489105418 61136
510377979 61211
961638299 61251
378315631 61308
863640949 61359
796726562 61401
442420915 61428
835983610 61472
670232003 61529
62024958 61588
88240126 61675
84464034 61757
445490436 61765
791197034 61811
423987476 61844
166446272 61928
118363321 61996
354339589 62052
200583207 62115
720268097 62164
437175280 62210
930615199 62243
860638597 62248
298467966 62253
420981798 62348
951810339 62436
630458605 62456
11769415 62480
368460052 62574
298416304 62659
229585049 62740
857565469 62823
661310634 62916
191223348 62970
88397451 63043
377467935 63090
987949909 63186
383334718 63188
65967896 63278
510698264 63364
297876027 63455
154208021 63469
447678649 63539
743366462 63541
797921406 63631
871666124 63668
909812733 63753
916284727 63813
226005712 63905
110395939 63986
489069175 64029
515697343 64070
893527490 64086
202224123 64133
814165308 64209
167025639 64222
6550813 64291
297140265 64386
178795054 64453
375010864 64518
595556568 64534
408380102 64615
85092685 64696
109383553 64738
452119801 64807
173490135 64863
486851487 64951
292586062 64952
556824852 65041
552819382 65056
803284325 65142
854700878 65224
707027403 65283
250962973 65373
450583692 65390
357465160 65441
122629096 65501
212912776 65536
273749886 65581
201151159 65635
175825067 65653
762819061 65740
716848501 65768
921868908 65802
965043183 65869
383530161 65875
88894546 65952
971593996 65990
680670425 66024
120205951 66102
199121211 66107
128743344 66187
381102405 66279
284213895 66298
238126896 66323
833222205 66386
457704030 66395
724978383 66441
125808266 66504
867045233 66601
130314116 66692
929092590 66775
574262463 66790
837341518 66842
32571914 66851
24846154 66914
47323030 66951
7717361 67019
90275281 67116
321072915 67197
61384871 67252
118616699 67270
936408327 67274
778233372 67357
40485606 67439
753967862 67509
14279884 67531
981896504 67623
578078209 67634
547466660 67690
102102454 67696
777199419 67742
676210003 67811
335721210 67812
61413314 67877
766853250 67970
168943415 68033
371633695 68106
344347984 68179
147268032 68239
238678927 68245
474662100 68342
76360622 68387
812941389 68438
164519969 68490
961448887 68543
690303894 68559
211842998 68581
969166248 68604
633095527 68620
532915913 68656
30551118 68733
751712225 68797
321840591 68836
661300841 68929
792197831 69008
75808452 69019
528097076 69037
626610686 69110
653886660 69131
75563735 69138
581229491 69217
283602431 69284
604290089 69359
916950701 69372
345015744 69437
371143339 69442
85894115 69517
716649438 69588
715491322 69665
85678498 69702
807844716 69778
42669773 69854
14555471 69869
473302457 69929
207189742 69990
976004358 70057
16122702 70133
419032739 70149
797686957 70172
649218228 70197
951948651 70248
680754426 70282
400930453 70370
126305594 70459
194571619 70488
45644635 70491
202114045 70525
722668694 70602
672255320 70611
708517057 70665
798232429 70748
106001162 70769
992119487 70823
255038869 70915
22951862 70948
189651582 70969
626182207 71065
961362328 71107
906301019 71198
194189881 71207
47040826 71219
566662086 71222
236859653 71240
61596296 71267
39964542 71330
444049394 71343
37600653 71436
56087244 71477
863082133 71505
687803961 71555
705305471 71651
667547135 71664
368558387 71747
958752275 71767
793852728 71802
563130005 71847
4396909 71869
848483125 71937
138315050 71993
529168580 72023
557000181 72079
936547478 72120
635169742 72202
401636019 72214
44102699 72280
510637955 72297
591287600 72361
670284905 72425
472000283 72514
350104970 72571
716991137 72577
371557460 72581
916767055 72672
953850790 72696
433153755 72726
956731597 72782
250416535 72849
323270760 72905
865335192 72935
966015019 72963
11074720 72971
423157014 72999
486078506 73039
232149458 73063
381909289 73110
132447585 73119
647795814 73122
238822549 73124
980930709 73200
786110864 73258
620507481 73320
390447241 73354
575174693 73386
108193574 73432
792083259 73478
619277391 73479
618831528 73573
383370858 73616
142078648 73711
90831810 73796
733475827 73798
859069784 73802
314905621 73890
502759234 73982
665436925 74040
748059376 74060
312007182 74141
915853460 74199
923846487 74209
177342373 74222
734384830 74307
787437558 74355
600499386 74395
220463335 74454
19587016 74526
834925026 74546
352910920 74613
519899181 74687
73747575 74708
186357980 74753
306010044 74787
546771407 74870
576805221 74883
881184737 74979
654964980 75010
368888479 75099
352978479 75195
273796507 75253
604775689 75287
495057126 75381
217144669 75427
190767867 75493
354126910 75524
532050289 75591
693527100 75652
19563834 75674
132626016 75695
5534281 75739
787933645 75818
56472502 75848
35393005 75936
374834827 76033
696426412 76110
635892391 76171
595298161 76229
568529779 76280
323333768 76361
800725432 76388
88428959 76446
249597694 76481
987083412 76487
246955355 76512
796369100 76563
563888632 76612
128140091 76636
451334079 76652
785293462 76692
333634921 76745
577646938 76818
390069150 76891
828692047 76940
794791606 76961
580837017 77002
35335308 77015
179358246 77037
126880468 77072
54899141 77137
164500614 77179
132414749 77192
695349138 77238
73489467 77309
167807753 77343
70183964 77420
769915878 77501
656216495 77595
517998476 77632
338445656 77698
979550263 77709
171240260 77804
279390967 77830
229147956 77907
158323671 77941
526346321 78023
25517056 78053
574728654 78135
507002763 78143
329367486 78188
360022115 78243
840637683 78303
907014423 78324
602607617 78354
669329729 78397
554322380 78469
35960985 78473
704665036 78559
586196978 78652
162841452 78722
612080529 78776
750697591 78813
295256200 78895
159946018 78928
824187057 78969
315580305 79018
82646333 79030
594102935 79055
971796799 79100
453161160 79180
785064942 79204
951347061 79291
624401419 79302
64455908 79351
33011369 79417
782725089 79492
590802228 79556
911044776 79651
209970094 79710
97804990 79781
92928613 79824
569992209 79871
790959025 79936
999943036 80030
25116177 80040
312805105 80081
406781767 80149
61077161 80162
17470141 80222
992978744 80317
223918612 80333
482067021 80349
596192686 80414
519174812 80445
494529390 80525
420379743 80565
834755116 80644
577175722 80669
866999029 80764
659068266 80791
30336881 80829
652063970 80850
462931679 80866
507254652 80945
569036230 80948
495943047 80963
142496092 81019
12354809 81086
259504174 81098
352466186 81146
110159799 81217
352432786 81302
922458394 81396
753635175 81465
204892173 81546
947574570 81552
66440279 81564
611673940 81647
8651730 81697
936426771 81703
457169035 81717
85086693 81782
271010143 81803
53361721 81881
604261504 81977
765539532 82011
326257815 82031
291532971 82108
195231605 82198
45773195 82246
950601237 82283
78084838 82313
697837164 82381
266049267 82433
585339489 82445
119389745 82516
761992313 82582
727835580 82649
131744554 82720
21496486 82732
80301765 82781
94420704 82825
226445623 82921
855276510 82966
848055878 83013
431337796 83027
655367431 83078
914496156 83167
43011735 83197
516535512 83200
703439279 83294
352697121 83337
601622205 83404
974449421 83453
258575193 83507
58400060 83603
739988953 83685
437349359 83693
349933031 83769
935220557 83843
483122553 83898
153050619 83913
13305394 83951
33476069 83977
419099885 83978
451161234 84027
152865813 84057
33608549 84154
178996814 84203
284610366 84206
907621386 84248
111814930 84345
379031069 84422
134067008 84463
967091440 84539
227086946 84565
565404803 84650
622458870 84679
994099454 84697
460932889 84714
138994382 84776
697538732 84790
666146362 84880
593132938 84942
524504504 85035
924721554 85081
651532997 85142
117009808 85220
214587265 85273
1466027 85343
52230365 85428
697709817 85439
7032997 85523
918052110 85548
731185885 85615
278649233 85633
221729696 85640
884051698 85670
312257781 85688
400726509 85744
168662063 85776
72395518 85866
512541438 85952
547693132 85994
206462526 86027
332149229 86091
627296429 86093
624383680 86144
954608099 86170
621395882 86220
85316569 86221
946118832 86242
171450965 86336
603979282 86426
391768121 86509
695955469 86599
381217187 86638
43301117 86715
812965276 86785
595804451 86810
897283496 86859
717711992 86947
293514268 87013
904316492 87079
488280454 87095
24700152 87130
35482077 87214
710010149 87236
761268201 87300
347739857 87335
963253009 87346
929930264 87375
420135375 87402
328310798 87433
330139747 87438
479114252 87529
660460027 87557
957436175 87563
103497931 87638
467584477 87692
431348409 87747
41330851 87823
266219660 87897
455315725 87979
645310132 87981
657987780 88071
3787545 88145
26527319 88216
701288896 88285
816752821 88331
474848121 88427
451088743 88447
386981164 88484
768362388 88548
207921587 88568
727777969 88651
645578892 88684
243403663 88721
290304469 88759
259363444 88855
591143519 88926
253557477 89006
41810059 89065
863795245 89096
581868275 89109
371949805 89172
342909496 89227
94844653 89267
181902332 89269
298923779 89333
562429129 89360
465767092 89447
340254629 89489
828648788 89524
921082816 89595
838081113 89638
486636567 89665
924870361 89713
717124783 89730
40441814 89826
594139533 89853
191972903 89899
491530557 89948
981120696 90042
812851643 90054
699452143 90122
561415017 90201
310946886 90276
942855805 90283
851719485 90334
570310329 90408
386515675 90419
105276962 90452
612120388 90518
102827272 90591
539661588 90636
984070192 90698
445736767 90759
634506240 90777
18488875 90840
744660545 90867
49451720 90912
484255966 90995
937431526 90997
878100507 91076
257855134 91132
775512638 91208
217253425 91216
182725494 91253
345153772 91345
257695238 91382
776865026 91477
537126674 91548
601742146 91634
610502073 91725
202494668 91741
153710640 91828
24433441 91835
513441553 91926
96566444 91954
876152926 92011
83751882 92012
335598471 92081
833946239 92170
695872269 92236
438425742 92311
226124178 92347
532458812 92408
736678860 92447
860630417 92531
403464039 92588
333855757 92684
910082136 92715
887720004 92757
271287282 92758
640698994 92801
145575137 92832
899316271 92908
857952418 92959
180816982 92961
244470042 92965
115647655 92986
810198359 93082
634113067 93090
569906153 93130
273216784 93219
836607735 93242
723616792 93272
297650224 93367
350049287 93383
672699588 93471
173803149 93525
286317520 93541
8298058 93600
7749387 93676
982189788 93691
299240151 93759
86389916 93804
367164952 93879
35919010 93919
947020332 93951
770628990 93985
222291118 94023
709618819 94085
510865345 94094
493578399 94163
202834164 94171
508956834 94211
245411021 94289
60786581 94378
542290167 94419
489881062 94434
28950588 94446
352488526 94485
123994129 94507
598856740 94559
625705309 94620
813118215 94665
174989883 94680
923355532 94739
15683853 94830
847689470 94835
949675033 94881
302001373 94891
708503879 94985
809940771 95010
136707512 95065
7744029 95129
896330687 95132
503872463 95165
896179391 95171
695867370 95205
127017804 95302
118470508 95377
258002541 95473
490399501 95482
464565259 95528
460836704 95565
999356334 95644
709976279 95702
521623285 95761
394162852 95783
52373693 95855
403090224 95925
746651377 96016
28884173 96110
1946963 96165
224873037 96219
842002387 96291
29453197 96360
744921 96406
857686239 96471
877142667 96544
950419953 96570
12203963 96644
585646545 96648
612877075 96729
148911475 96792
445906926 96859
509207761 96942
652783937 97037
194602668 97044
57591483 97064
632318093 97158
165589527 97173
315594023 97222
122717593 97258
482671137 97349
776430726 97368
974590278 97385
45163768 97436
150570362 97513
368753129 97582
97537460 97608
553660585 97657
967920858 97719
126421632 97772
408123899 97779
45310246 97829
820940370 97856
437577096 97865
46055166 97894
531142960 97985
314719762 98001
848991470 98055
543346923 98057
752882658 98076
461868545 98144
692258397 98208
51305935 98227
823592657 98281
197558685 98342
245908602 98398
881184139 98405
829876777 98493
264014481 98563
196778161 98649
805110721 98707