500
680641299 187
940045721 146
662308075 146
388136916 187
628906022 146
532446773 146
682972725 187
560062797 279
421062246 314
171136479 411
27135865 497
573408936 551
720940100 609
980686334 619
136657548 638
347227364 667
273223022 682
261421822 686
805969331 773
172497465 774
527925040 776
615209413 808
469007839 842
368724766 859
18865873 883
988279653 973
636184979 981
443347525 1073
5880820 1141
525957051 1171
712549669 1260
686522118 1314
466002771 1335
374857744 1339
74659034 1425
94908792 1438
907304516 1462
757631758 1492
507487940 1500
180883113 1590
928768236 1650
387140156 1677
754292048 1723
502224688 1743
367826490 1779
890949595 1874
701968403 1923
493565863 1973
4887768 1975
507937733 2044
666063327 2126
532812807 2160
123147145 2195
135071165 2244
901537573 2294
994529370 2352
975867170 2393
390238903 2481
290393246 2564
981747989 2606
916195953 2627
2942915 2701
668270106 2797
234715075 2869
230317010 2881
595445491 2899
182140219 2983
137621525 3049
205593601 3096
689628158 3121
171020989 3179
134361836 3189
76768314 3240
925313036 3278
489102875 3338
297111155 3358
668778982 3393
43587629 3404
790677017 3408
526183101 3444
551525362 3458
309256695 3543
58995908 3546
527188858 3594
444327860 3661
813049832 3713
374234579 3721
272711381 3763
55805086 3806
664627825 3830
254459369 3913
972001039 4007
520087091 4039
775245826 4054
206716113 4122
750404100 4165
370691317 4198
388856331 4283
740541976 4294
576284917 4307
931000841 4320
911562964 4323
563163104 4376
860285506 4470
689392351 4510
904782331 4526
9913012 4543
210687684 4617
948369959 4674
800590028 4694
736870784 4738
352411672 4742
109846722 4780
648383043 4826
879600530 4877
406690933 4884
313949226 4916
106351460 5005
679402313 5084
369754312 5158
623495636 5174
786378033 5270
341755350 5274
143582726 5321
561623859 5334
400987814 5405
893986825 5428
784831527 5504
789844145 5562
487045152 5626
213632795 5649
573361337 5653
398608115 5719
776795898 5794
433646842 5795
88000465 5803
534094580 5827
443559853 5844
151204500 5860
482464539 5875
96666232 5942
888075284 6001
834876210 6019
59029305 6026
536458326 6064
566993091 6133
318236590 6177
850407552 6246
525860903 6337
997638902 6363
72678215 6439
149356538 6448
636533287 6472
414433564 6551
145455616 6637
50673497 6704
815421377 6756
39442440 6767
835505023 6844
457781873 6857
379003944 6932
49137817 6934
31143209 6981
777612058 7055
678450066 7065
317306402 7112
718128875 7194
212544646 7259
613382606 7353
869333374 7450
547525536 7529
710048837 7592
609925009 7681
234918097 7711
621594494 7714
146383335 7743
801911188 7775
939831083 7853
849307238 7854
180288442 7880
789986336 7917
921985452 7927
329644979 7992
426519622 8083
188935367 8172
475100594 8226
477193118 8286
856873095 8329
367059386 8393
165214492 8463
167171320 8549
746063329 8621
214352308 8626
50830880 8662
376191738 8711
892802374 8726
368137282 8742
946836964 8806
957863371 8819
981519887 8832
668686690 8926
505388906 8951
544085076 8960
278611698 9045
740307002 9099
18195921 9142
277511384 9189
394734541 9209
958027003 9232
979334973 9310
575022982 9355
748013338 9414
753836776 9502
757184313 9514
27049312 9597
942772142 9676
84801258 9772
356758781 9848
652161589 9903
451860643 9997
521973273 10046
819332908 10121
50440323 10189
736325580 10242
870163787 10255
279148413 10305
481644305 10306
90817420 10365
225985376 10412
292024027 10425
72337307 10430
894672065 10473
797412932 10541
468938734 10555
25800115 10616
390236286 10641
487134654 10728
155827850 10739
637487178 10783
297678008 10795
135162823 10817
65026512 10839
45691345 10843
888999598 10886
822210824 10950
925257008 11036
684288092 11091
907012081 11154
282015789 11218
188966032 11231
211389076 11290
803989061 11336
8298939 11423
261829398 11483
392830992 11516
878462725 11549
540977810 11593
726991649 11626
969280145 11717
619479538 11807
19015675 11884
894133803 11980
366667954 12016
668944959 12063
215588888 12106
392468068 12136
59181244 12141
555239893 12173
548295918 12244
549184773 12323
852917900 12397
535975092 12490
614211284 12493
751125596 12504
277491041 12573
436422107 12574
676382604 12604
961779132 12631
195950540 12694
810914744 12787
3261515 12826
407339615 12881
467420156 12954
11560453 13013
669169012 13061
860251147 13069
742539530 13094
62663174 13185
439759147 13256
564336026 13305
682142711 13389
458774822 13439
310986180 13517
48810664 13570
127719780 13601
526575067 13624
293795084 13706
39417375 13741
81814959 13826
694607353 13882
441118499 13899
787249210 13960
230582444 14042
55329783 14092
538374805 14097
508073484 14150
344268241 14200
67273760 14234
322368968 14313
540218780 14359
878188503 14420
325630482 14471
947558394 14474
198125010 14510
189707287 14553
469243758 14604
58376157 14647
932246816 14714
531906931 14789
350651655 14805
496582841 14855
66565993 14947
809426476 15044
807569020 15074
967893008 15121
789662607 15151
186660438 15235
114204443 15298
681596333 15362
120991748 15433
808811795 15454
122714832 15468
908240957 15534
39394238 15570
30560966 15634
299132113 15704
399984074 15792
374829206 15839
218922225 15846
574869393 15916
915047986 16009
97110727 16076
900499874 16130
715122731 16225
147752089 16261
90207160 16358
184366488 16437
58644597 16449
874970327 16546
568789770 16603
409296251 16661
224069519 16710
635355762 16761
71239079 16818
31638538 16831
455765122 16863
860901685 16883
70815327 16979
569969564 17073
395014370 17091
44323426 17094
378781359 17142
370245553 17173
952564382 17241
270691948 17324
253322870 17352
104212847 17424
523192373 17431
628152075 17506
323135071 17518
98061765 17528
395716412 17598
272762149 17610
851077991 17674
110839143 17675
420514237 17722
793801502 17816
147721982 17896
479158833 17985
668771829 18078
716511752 18148
888455084 18197
892841347 18273
204383865 18327
959694162 18367
776996237 18455
660148986 18474
673112198 18533
700327915 18619
82634902 18634
920642919 18710
744651341 18732
461416260 18825
143404823 18866
549732074 18890
584624559 18902
396727692 18970
653944920 19065
107816932 19115
24879767 19191
829596342 19231
58395048 19290
273112530 19338
102358491 19389
909473038 19445
236468024 19494
375389079 19525
703274540 19577
236706358 19639
707064264 19692
224562720 19771
953218109 19805
448035699 19809
969920418 19866
10118325 19887
260246212 19930
599433006 20008
522783663 20048
933358409 20084
299760921 20181
605418564 20266
706517680 20280
44412261 20301
66834823 20316
849922502 20401
446660686 20445
503975733 20502
246650194 20558
100605606 20599
611792664 20608
124046312 20642
782718299 20656
670187712 20724
249675193 20740
737593141 20835
432177101 20892
486143217 20987
112982220 21046
135451640 21089
722849574 21148
672562835 21162
212530711 21186
528584034 21212
120598533 21230
34967481 21244
391218710 21290
380844744 21381
634400486 21472
914002372 21491
166719504 21520
934161406 21610
519420935 21617
873237183 21691
831090018 21735
438772109 21756
575676037 21817
130267056 21905
942747842 21916
822326230 21966
83389013 22028
407056857 22048
798888893 22132
866107311 22208
929760920 22229
48564085 22231
603700452 22304
361938021 22381
387223653 22477
569199023 22512
349906012 22534
110073226 22622
94278209 22670
414953075 22746
491173611 22762
214876741 22858
449920555 22947
882392321 23039
448237836 23129
84321040 23145
648911044 23190
614957339 23242
870998798 23281
20848331 23332
340710874 23360
554605167 23443
459620439 23448
916386910 23471
684872222 23544
254884632 23559
591229491 23631
768261234 23668
514457841 23733
242634735 23791
634368545 23837
444218760 23922
291198819 24012
90585348 24034
658673132 24099
678422472 24121